a : 0 9 7 3 8 2 3 4 9 9 9 1 8 9 9
b : 4 0 3 6 8 4 8 3 6 8 1 9 2 9 9
c : 6 4 0 4 8 4 7 3 6 1 9 9 2 9 9
d : 4 5 6 0 8 4 6 3 1 8 9 9 2 9 9
e : 2 3 4 9 0 4 2 1 6 8 9 9 2 9 9
f : 5 9 7 3 8 0 1 3 6 8 9 9 2 9 9
g : 4 5 3 6 8 1 0 3 6 8 9 9 2 9 9
h : 6 4 5 4 1 4 4 0 6 8 9 9 2 9 9
i : 4 5 6 1 8 4 4 3 0 8 9 9 2 9 9
j : 2 3 1 9 9 4 8 3 6 0 9 9 2 9 9
k : 9 1 9 9 9 9 9 9 9 9 0 9 2 9 9
l : 1 1 1 1 1 1 1 1 1 1 1 0 2 9 9
m : 2 2 2 2 2 2 2 2 2 2 2 2 0 9 9
n : 9 9 9 9 9 9 9 9 9 9 9 9 9 0 9
o : 9 9 9 9 9 9 9 9 9 9 9 9 9 9 0